1 0.6109375 0.30859375 0.165625 0.6171875
1 0.209375 0.3265625 0.196875 0.6390625
1 0.81484375 0.334375 0.1859375 0.6578125
1 0.72265625 0.421875 0.1875 0.66875
1 0.49140625 0.4484375 0.1859375 0.6296875
1 0.2234375 0.45078125 0.19375 0.6203125
1 0.87109375 0.5015625 0.209375 0.5296875
1 0.37890625 0.5515625 0.2015625 0.596875
1 0.6109375 0.5515625 0.209375 0.5765625
1 0.1359375 0.58515625 0.2140625 0.5859375
1 0.7875 0.725 0.190625 0.5484375
1 0.53359375 0.771875 0.196875 0.45
1 0.28359375 0.78515625 0.2 0.4234375