0 0.4233333328125 0.45546854999999997 0.33533335468750003 0.3355075265625 0.2406667078125 0.397305671875 0.27266672812500004 0.5917879265625 0.29933339531250003 0.686302709375 0.3713333125 0.7099313875 0.3979999796875 0.7335601359374999 0.4020000203125 0.7317425015625 0.4486666875 0.713566584375 0.43133331249999995 0.6681267921875 0.4660000609375 0.5772472078125 0.4233333328125 0.45546854999999997
0 0.312666728125 0.644498253125 0.132666728125 0.4736444671875 0.0553333546875 0.595423125 0.0846666453125 0.659038834375 0.4179999796875 0.8607914843750001 0.4446666453125 0.833527609375 0.4179999796875 0.7644592078125 0.312666728125 0.644498253125
0 0.4446666453125 0.6826675125 0.41133331249999994 0.7371952640625 0.43400004062499997 0.8244396500000001 0.5006667078125 0.873514709375 0.5646666453125 0.88260266875 0.5953333546875 0.8244396500000001 0.5686666875 0.746283221875 0.4446666453125 0.6826675125
0 0.0020000203125 0.5136314984375 0.0153333546875 0.5499833328125 0.072666728125 0.4936380171875 0.13533335468750002 0.43547506875 0.1753333546875 0.3409602875 0.21533335468749998 0.29552049375 0.1753333546875 0.2555334625 0.054000040625 0.35186587812500003 0 0.44456302656249996 0.0020000203125 0.5136314984375
0 0.0566666671875 0.51544913125 0.0406667078125 0.5608889234375 0.1179999796875 0.5336250484375 0.1966666671875 0.5354426125 0.25533335468749996 0.42820467500000003 0.292666728125 0.3336899625 0.2379999796875 0.2718918171875 0.1646666453125 0.3664065984375 0.1113333125 0.4936380171875 0.0566666671875 0.51544913125
0 0.05133331249999999 0.0701392 0.10333333281249998 0.304608453125 0.1979999796875 0.27370938125 0.1579999796875 0.030152134375 0.05133331249999999 0.0701392
0 0.4713333125 0.49545558125 0.45799997968749995 0.651768509375 0.6006667078125 0.818986959375 0.6779999796875 0.8426155671875 0.7033333328125 0.8607914843750001 0.7366666671875 0.809899 0.694000040625 0.7353778375 0.6806667078124999 0.6699444265625 0.4713333125 0.49545558125
0 0.674000040625 0.531807415625 0.6379999796875 0.6281397609375 0.69800008125 0.7317425015625 0.7713334140625 0.840798003125 0.8526666265625 0.7808175609375 0.8473333734375 0.693573103125 0.7153334546875 0.5009083421875 0.674000040625 0.531807415625
0 0.1779999796875 0 0.2006667078125 0.041057656250000005 0.1993333953125 0.093767809375 0.2486666875 0.1882826265625 0.4820000203125 0.3100612140625 0.5246666453125 0.2537158984375 0.3820000203125 0.079227159375 0.33266672812500003 0 0.1779999796875 0
0 0.4286666875 0 0.354000040625 0.024699407812499997 0.47799997968749997 0.17737703437500002 0.5326667281249999 0.173741871875 0.5579999796874999 0.11557899218750001 0.5406667078125 0.0683215328125 0.4286666875 0
0 0.9340000406250001 0.297338128125 0.9683333328125 0.30653950937499996 0.9766666671875001 0.2482631375 0.8113334140624999 0.133754909375 0.8273333734375001 0.2591686609375 0.9340000406250001 0.297338128125
0 0.6620002234375 0.0683215328125 0.6620002234375 0.010158618749999999 0.6206667078125 0 0.5886666875000001 0.0283345359375 0.5406667078125 0.210093671875 0.5420000203125 0.24281037656249999 0.6179999796875 0.24281037656249999 0.6620002234375 0.0683215328125
0 0.3486666875 0.40457599687499995 0.4820000203125 0.5209018921874999 0.6206667078125 0.619051803125 0.6566666671875 0.5972407578125 0.6846666453125 0.546348134375 0.694000040625 0.4772796640625 0.43533335468749995 0.2864325359375 0.3260000609375 0.2373575453125 0.2966666671875 0.28825016875 0.2979999796875 0.304608453125 0.3420000203125 0.32823713125 0.3486666875 0.40457599687499995