1 0.13828125 0.8125 0.11484375 0.2125
0 0.6796875 0.103125 0.07734375 0.20625
1 0.46328125 0.39453125 0.08671875 0.32265625
0 0.965625 0.35703125 0.06640625 0.1578125
1 0.146875 0.075 0.1 0.15
1 0.146153846875 0.13387044374999998 0.2015384609375 0.1985091125 0.28646155625 0.0030898453124999998 0.23353844375000002 0 0.146153846875 0.13387044374999998
1 0.2298461921875 0.3187671234375 0.37876925 0.3563477515625 0.3910769421875 0.30223166875 0.2384615390625 0.2706639078125 0.2298461921875 0.3187671234375
1 0.2630769234375 0.649476765625 0.1941538640625 0.70509599375 0.1990769609375 0.7441798234375 0.261846171875 0.7742443265625 0.42430767343750003 0.6945735203125001 0.372615403125 0.6224186109375001 0.2630769234375 0.649476765625
1 0.38 0.7231346484375 0.2729231140625 0.75169595 0.22123075 0.80581203125 0.1929231140625 0.8584249109375 0.226153846875 0.9230636375 0.3123076921875 0.8629346312499999 0.39723078749999996 0.7847669703125 0.38 0.7231346484375
1 0.7135385375000001 0.578825059375 0.691384653125 0.56980573125 0.642153884375 0.6224186109375001 0.5830769234375001 0.9050249828125001 0.660615421875 0.9200572328125001 0.723384728125 0.6810443562499999 0.7135385375000001 0.578825059375
0 1 0.653986315625 0.9806154218750001 0.653986315625 0.9030769234375 0.649476765625 0.819384578125 0.6945735203125001 0.819384578125 0.7396702171875 0.8760000375000001 0.750192746875 1 0.76221859375 1 0.653986315625
0 1 0.44503805625000004 0.995384615625 0.43000580624999996 0.9523076921875001 0.4796122234375 0.9313846531250001 0.649476765625 1 0.653986315625 1 0.44503805625000004
0 0.900615421875 0.46307671250000004 0.8563076546874999 0.44503805625000004 0.8329231140625 0.49464447500000003 0.8329231140625 0.57281219375 0.867384690625 0.6449669874999999 0.9215384609375 0.6284314765625 0.933846153125 0.5848379828125 0.900615421875 0.46307671250000004
1 0.6556925140625001 0.264651040625 0.66676926875 0.54876055625 0.7467692687499999 0.54876055625 0.73076923125 0.264651040625 0.6556925140625001 0.264651040625
1 0.7024615 0.5262121796875 0.6372309765625 0.41647675624999997 0.546153846875 0.272167165625 0.4809231328125 0.332296171875 0.547384596875 0.47359929999999995 0.5990769609375 0.5277154390625001 0.6015384609375001 0.560786346875 0.6396922890625001 0.5968638875 0.660615421875 0.6058831 0.7024615 0.5863411843749999 0.7024615 0.5262121796875
1 0.42430767343750003 0.4796122234375 0.29753850000000004 0.368373540625 0.2384615390625 0.45255418281250004 0.420615421875 0.6043800125 0.48584613593750003 0.6239218125 0.52646155625 0.5938573109374999 0.5215384609375 0.566799384375 0.42430767343750003 0.4796122234375
1 0.3689230578125 0.5773218578125 0.1756923265625 0.39843804375 0.1129231140625 0.4690896359375 0.2384615390625 0.5968638875 0.292615403125 0.634444515625 0.3455385171875 0.6239218125 0.3689230578125 0.5773218578125
0 0.5929231140625 0.7277678562500001 0.3676923078125 0.574438825 0.341846171875 0.607509903125 0.41076923125000003 0.682671159375 0.5498461921875 0.7984193921875 0.562153884375 0.790903265625 0.5916923640625 0.7593355609375 0.5929231140625 0.7277678562500001
1 0.10923076875 0.2676574453125 0.0083077296875 0.5126831875 0.057538500000000006 0.5502638156249999 0.09076923125 0.5457540953125 0.18307692343749998 0.30373487187500003 0.10923076875 0.2676574453125
1 0 0.8719539609375 0.0083077296875 0.8704507578125 0.057538500000000006 0.781760453125 0.083384634375 0.6690185671875 0.0883077296875 0.532225103125 0.056307748437500006 0.511179928125 0.0255385171875 0.5201993140625001 0.004615384375 0.503663803125 0 0.5367347671875 0 0.8719539609375
1 0.15476928750000002 0.18047039843749998 0.1030769234375 0.2090316703125 0 0.2796832921875 0.0083077296875 0.41647675624999997 0.09199998125 0.3698768 0.213846153125 0.28419295624999996 0.2015384609375 0.22105748906249997 0.15476928750000002 0.18047039843749998
1 0.46369234531250003 0.10831560312499999 0.3996922890625 0.1353736453125 0.413230825 0.18648329375 0.4489230578125 0.23158007656250001 0.49446157656249995 0.2390962015625 0.49323082500000004 0.20151554531250002 0.46369234531250003 0.10831560312499999
1 0.7369230765625 0.046683368749999996 0.706153846875 0.090276890625 0.7529231140625 0.24510906875 0.786153846875 0.282689696875 0.835384615625 0.3413155 0.86 0.3247800453125 0.8526154968749999 0.2421026640625 0.76276930625 0.0481865984375 0.7369230765625 0.046683368749999996
1 0.835384615625 0.3834057921875 0.7467692687499999 0.47359929999999995 0.7443077671875 0.5397412296875 0.7812308453125001 0.5547734796875 0.8784615390624999 0.46157350937499997 0.8870768859375 0.43451546875 0.8661538468750001 0.39092191718749997 0.835384615625 0.3834057921875
1 0.50923076875 0.852412103125 0.5289230578125 0.8418894578125 0.5350769046875 0.80881855 0.5129231140625 0.7757475281249999 0.38123075 0.8238508015624999 0.34676926875 0.8734571624999999 0.37630774843750003 0.9080313859375 0.402153884375 0.9170507140625 0.436615365625 0.8929991359375 0.50923076875 0.852412103125
1 0.3098461921875 0.12334785468750001 0.25199998125 0.20001234218750003 0.2175385 0.254128453125 0.212615403125 0.290205821875 0.2827692125 0.2796832921875 0.3689230578125 0.1759607359375 0.36523080625 0.12785751875 0.33199998124999996 0.093283353125 0.3098461921875 0.12334785468750001
1 0.31846153906249997 0.1323672125 0.3123076921875 0.0797543328125 0.29876925 0.055702723437500004 0.2741538640625 0.06321885000000001 0.2150769046875 0.1714510421875 0.23230769218749997 0.23158007656250001 0.24584613593750002 0.2135413640625 0.2790769609375 0.1624317140625 0.31846153906249997 0.1323672125